20.00 20.00 20.00 20.00 20.00 20.00 20.00 20.00 20.00 20.00 20.00 20.00 20.00 20.00 20.00 20.00 20.00 20.00 20.00 20.00 20.00 20.00 20.00 20.00 20.00 20.00 20.00 20.00 20.00 20.00 20.00 20.00 20.00 20.00 20.00 20.00 20.00 20.00 20.00 20.00 20.00 20.00 20.00 20.00 20.00 20.00 20.00 20.00 20.00 20.00 20.00 20.00 20.00 20.00 20.00 20.00 20.00 20.00 20.00 20.00 20.00 20.00 20.00 20.00 20.00 20.00 20.00 20.00 20.00 20.00 20.00 20.00 20.00 20.00 20.00 20.00 20.00 20.00 20.00 20.00 20.00 20.00 20.00 20.00 20.00 20.00 20.00 20.00 20.00 20.00 20.00 20.00 20.00 20.00 20.00 20.00 20.00 20.00 20.00 20.00 20.00 20.00 20.00 20.00 20.00 20.00 20.00 20.00 20.00 20.00 20.00 20.00 20.00 20.00 20.00 20.00 20.00 20.00 20.00 20.00 20.00 20.00 20.00 20.00 20.00 20.00 20.00 20.00 20.00 20.00 
20.00 19.87 19.75 19.63 19.51 19.39 19.28 19.18 19.09 19.00 18.92 18.84 18.78 18.72 18.67 18.62 18.58 18.55 18.52 18.50 18.48 18.47 18.45 18.44 18.44 18.43 18.42 18.42 18.42 18.42 18.41 18.41 18.41 18.41 18.41 18.41 18.41 18.41 18.41 18.41 18.41 18.41 18.41 18.41 18.41 18.41 18.41 18.41 18.41 18.41 18.41 18.41 18.41 18.41 18.41 18.41 18.41 18.41 18.41 18.41 18.41 18.41 18.41 18.41 18.41 18.41 18.41 18.41 18.41 18.41 18.41 18.41 18.41 18.41 18.41 18.41 18.41 18.41 18.41 18.41 18.41 18.41 18.41 18.41 18.41 18.41 18.41 18.41 18.41 18.41 18.41 18.41 18.41 18.41 18.41 18.41 18.41 18.41 18.41 18.41 18.42 18.42 18.42 18.42 18.43 18.44 18.44 18.45 18.47 18.48 18.50 18.52 18.55 18.58 18.62 18.67 18.72 18.78 18.84 18.92 19.00 19.09 19.18 19.28 19.39 19.51 19.63 19.75 19.87 20.00 
20.00 19.75 19.50 19.26 19.02 18.79 18.57 18.37 18.18 18.00 17.84 17.70 17.57 17.45 17.35 17.26 17.18 17.12 17.06 17.02 16.98 16.95 16.92 16.90 16.89 16.87 16.86 16.86 16.85 16.85 16.84 16.84 16.84 16.84 16.84 16.84 16.84 16.83 16.83 16.83 16.83 16.83 16.83 16.83 16.83 16.83 16.83 16.83 16.83 16.83 16.83 16.83 16.83 16.83 16.83 16.83 16.83 16.83 16.83 16.83 16.83 16.83 16.83 16.83 16.83 16.83 16.83 16.83 16.83 16.83 16.83 16.83 16.83 16.83 16.83 16.83 16.83 16.83 16.83 16.83 16.83 16.83 16.83 16.83 16.83 16.83 16.83 16.83 16.83 16.83 16.83 16.83 16.83 16.84 16.84 16.84 16.84 16.84 16.84 16.84 16.85 16.85 16.86 16.86 16.87 16.89 16.90 16.92 16.95 16.98 17.02 17.06 17.12 17.18 17.26 17.35 17.45 17.57 17.70 17.84 18.00 18.18 18.37 18.57 18.79 19.02 19.26 19.50 19.75 20.00 
20.00 19.63 19.26 18.89 18.54 18.20 17.88 17.57 17.29 17.03 16.79 16.57 16.38 16.21 16.06 15.92 15.81 15.71 15.63 15.56 15.51 15.46 15.42 15.39 15.37 15.35 15.33 15.32 15.31 15.31 15.30 15.30 15.30 15.29 15.29 15.29 15.29 15.29 15.29 15.29 15.29 15.29 15.29 15.29 15.29 15.29 15.29 15.29 15.29 15.29 15.29 15.29 15.29 15.29 15.29 15.29 15.29 15.29 15.29 15.29 15.29 15.29 15.29 15.29 15.29 15.29 15.29 15.29 15.29 15.29 15.29 15.29 15.29 15.29 15.29 15.29 15.29 15.29 15.29 15.29 15.29 15.29 15.29 15.29 15.29 15.29 15.29 15.29 15.29 15.29 15.29 15.29 15.29 15.29 15.29 15.29 15.29 15.30 15.30 15.30 15.31 15.31 15.32 15.33 15.35 15.37 15.39 15.42 15.46 15.51 15.56 15.63 15.71 15.81 15.92 16.06 16.21 16.38 16.57 16.79 17.03 17.29 17.57 17.88 18.20 18.54 18.89 19.26 19.63 20.00 
20.00 19.51 19.02 18.54 18.07 17.63 17.20 16.80 16.43 16.08 15.77 15.48 15.23 15.00 14.80 14.63 14.48 14.35 14.24 14.15 14.08 14.02 13.97 13.93 13.89 13.87 13.85 13.83 13.82 13.81 13.81 13.80 13.80 13.80 13.80 13.79 13.79 13.79 13.79 13.79 13.79 13.79 13.79 13.79 13.79 13.79 13.79 13.79 13.79 13.79 13.79 13.79 13.79 13.79 13.79 13.79 13.79 13.79 13.79 13.79 13.79 13.79 13.79 13.79 13.79 13.79 13.79 13.79 13.79 13.79 13.79 13.79 13.79 13.79 13.79 13.79 13.79 13.79 13.79 13.79 13.79 13.79 13.79 13.79 13.79 13.79 13.79 13.79 13.79 13.79 13.79 13.79 13.79 13.79 13.79 13.80 13.80 13.80 13.80 13.81 13.81 13.82 13.83 13.85 13.87 13.89 13.93 13.97 14.02 14.08 14.15 14.24 14.35 14.48 14.63 14.80 15.00 15.23 15.48 15.77 16.08 16.43 16.80 17.20 17.63 18.07 18.54 19.02 19.51 20.00 
20.00 19.39 18.79 18.20 17.63 17.08 16.55 16.06 15.60 15.18 14.79 14.44 14.12 13.84 13.59 13.38 13.20 13.04 12.91 12.79 12.70 12.63 12.57 12.52 12.48 12.45 12.42 12.40 12.39 12.38 12.37 12.37 12.36 12.36 12.36 12.35 12.35 12.35 12.35 12.35 12.35 12.35 12.35 12.35 12.35 12.35 12.35 12.35 12.35 12.35 12.35 12.35 12.35 12.35 12.35 12.35 12.35 12.35 12.35 12.35 12.35 12.35 12.35 12.35 12.35 12.35 12.35 12.35 12.35 12.35 12.35 12.35 12.35 12.35 12.35 12.35 12.35 12.35 12.35 12.35 12.35 12.35 12.35 12.35 12.35 12.35 12.35 12.35 12.35 12.35 12.35 12.35 12.35 12.35 12.35 12.36 12.36 12.36 12.37 12.37 12.38 12.39 12.40 12.42 12.45 12.48 12.52 12.57 12.63 12.70 12.79 12.91 13.04 13.20 13.38 13.59 13.84 14.12 14.44 14.79 15.18 15.60 16.06 16.55 17.08 17.63 18.20 18.79 19.39 20.00 
20.00 19.28 18.57 17.88 17.20 16.55 15.94 15.36 14.81 14.31 13.85 13.44 13.07 12.74 12.45 12.19 11.98 11.79 11.63 11.50 11.39 11.31 11.23 11.18 11.13 11.09 11.07 11.04 11.03 11.02 11.01 11.00 10.99 10.99 10.99 10.99 10.98 10.98 10.98 10.98 10.98 10.98 10.98 10.98 10.98 10.98 10.98 10.98 10.98 10.98 10.98 10.98 10.98 10.98 10.98 10.98 10.98 10.98 10.98 10.98 10.98 10.98 10.98 10.98 10.98 10.98 10.98 10.98 10.98 10.98 10.98 10.98 10.98 10.98 10.98 10.98 10.98 10.98 10.98 10.98 10.98 10.98 10.98 10.98 10.98 10.98 10.98 10.98 10.98 10.98 10.98 10.98 10.98 10.98 10.99 10.99 10.99 10.99 11.00 11.01 11.02 11.03 11.04 11.07 11.09 11.13 11.18 11.23 11.31 11.39 11.50 11.63 11.79 11.98 12.19 12.45 12.74 13.07 13.44 13.85 14.31 14.81 15.36 15.94 16.55 17.20 17.88 18.57 19.28 20.00 
20.00 19.18 18.37 17.57 16.80 16.06 15.36 14.69 14.07 13.50 12.97 12.50 12.07 11.70 11.36 11.08 10.83 10.62 10.44 10.29 10.16 10.06 9.98 9.91 9.86 9.82 9.79 9.76 9.74 9.73 9.72 9.71 9.70 9.70 9.70 9.70 9.69 9.69 9.69 9.69 9.69 9.69 9.69 9.69 9.69 9.69 9.69 9.69 9.69 9.69 9.69 9.69 9.69 9.69 9.69 9.69 9.69 9.69 9.69 9.69 9.69 9.69 9.69 9.69 9.69 9.69 9.69 9.69 9.69 9.69 9.69 9.69 9.69 9.69 9.69 9.69 9.69 9.69 9.69 9.69 9.69 9.69 9.69 9.69 9.69 9.69 9.69 9.69 9.69 9.69 9.69 9.69 9.69 9.69 9.70 9.70 9.70 9.70 9.71 9.72 9.73 9.74 9.76 9.79 9.82 9.86 9.91 9.98 10.06 10.16 10.29 10.44 10.62 10.83 11.08 11.36 11.70 12.07 12.50 12.97 13.50 14.07 14.69 15.36 16.06 16.80 17.57 18.37 19.18 20.00 
20.00 19.09 18.18 17.29 16.43 15.60 14.81 14.07 13.38 12.74 12.15 11.62 11.15 10.73 10.36 10.03 9.76 9.52 9.32 9.15 9.01 8.90 8.81 8.74 8.68 8.63 8.59 8.57 8.55 8.53 8.52 8.51 8.50 8.50 8.49 8.49 8.49 8.49 8.49 8.49 8.49 8.49 8.49 8.49 8.49 8.49 8.49 8.49 8.49 8.49 8.49 8.49 8.49 8.49 8.49 8.49 8.49 8.49 8.49 8.49 8.49 8.49 8.49 8.49 8.49 8.49 8.49 8.49 8.49 8.49 8.49 8.49 8.49 8.49 8.49 8.49 8.49 8.49 8.49 8.49 8.49 8.49 8.49 8.49 8.49 8.49 8.49 8.49 8.49 8.49 8.49 8.49 8.49 8.49 8.49 8.49 8.50 8.50 8.51 8.52 8.53 8.55 8.57 8.59 8.63 8.68 8.74 8.81 8.90 9.01 9.15 9.32 9.52 9.76 10.03 10.36 10.73 11.15 11.62 12.15 12.74 13.38 14.07 14.81 15.60 16.43 17.29 18.18 19.09 20.00 
20.00 19.00 18.00 17.03 16.08 15.18 14.31 13.50 12.74 12.04 11.39 10.81 10.29 9.83 9.42 9.07 8.77 8.51 8.29 8.11 7.95 7.83 7.73 7.65 7.58 7.53 7.49 7.46 7.44 7.42 7.41 7.40 7.39 7.39 7.38 7.38 7.38 7.38 7.38 7.38 7.38 7.38 7.38 7.37 7.37 7.37 7.37 7.37 7.37 7.37 7.37 7.37 7.37 7.37 7.37 7.37 7.37 7.37 7.37 7.37 7.37 7.37 7.37 7.37 7.37 7.37 7.37 7.37 7.37 7.37 7.37 7.37 7.37 7.37 7.37 7.37 7.37 7.37 7.37 7.37 7.37 7.37 7.37 7.37 7.37 7.37 7.37 7.38 7.38 7.38 7.38 7.38 7.38 7.38 7.38 7.38 7.39 7.39 7.40 7.41 7.42 7.44 7.46 7.49 7.53 7.58 7.65 7.73 7.83 7.95 8.11 8.29 8.51 8.77 9.07 9.42 9.83 10.29 10.81 11.39 12.04 12.74 13.50 14.31 15.18 16.08 17.03 18.00 19.00 20.00 
20.00 18.92 17.84 16.79 15.77 14.79 13.85 12.97 12.15 11.39 10.70 10.07 9.51 9.01 8.57 8.19 7.86 7.58 7.35 7.15 6.98 6.85 6.74 6.65 6.58 6.53 6.49 6.45 6.43 6.41 6.40 6.38 6.38 6.37 6.37 6.36 6.36 6.36 6.36 6.36 6.36 6.36 6.36 6.36 6.36 6.36 6.36 6.36 6.36 6.36 6.36 6.36 6.36 6.36 6.36 6.36 6.36 6.36 6.36 6.36 6.36 6.36 6.36 6.36 6.36 6.36 6.36 6.36 6.36 6.36 6.36 6.36 6.36 6.36 6.36 6.36 6.36 6.36 6.36 6.36 6.36 6.36 6.36 6.36 6.36 6.36 6.36 6.36 6.36 6.36 6.36 6.36 6.36 6.36 6.36 6.37 6.37 6.38 6.38 6.40 6.41 6.43 6.45 6.49 6.53 6.58 6.65 6.74 6.85 6.98 7.15 7.35 7.58 7.86 8.19 8.57 9.01 9.51 10.07 10.70 11.39 12.15 12.97 13.85 14.79 15.77 16.79 17.84 18.92 20.00 
20.00 18.84 17.70 16.57 15.48 14.44 13.44 12.50 11.62 10.81 10.07 9.40 8.80 8.27 7.80 7.39 7.04 6.74 6.49 6.28 6.11 5.96 5.85 5.75 5.68 5.62 5.57 5.54 5.51 5.49 5.48 5.47 5.46 5.45 5.45 5.44 5.44 5.44 5.44 5.44 5.44 5.44 5.44 5.44 5.44 5.44 5.44 5.44 5.44 5.44 5.44 5.44 5.44 5.44 5.44 5.44 5.44 5.44 5.44 5.44 5.44 5.44 5.44 5.44 5.44 5.44 5.44 5.44 5.44 5.44 5.44 5.44 5.44 5.44 5.44 5.44 5.44 5.44 5.44 5.44 5.44 5.44 5.44 5.44 5.44 5.44 5.44 5.44 5.44 5.44 5.44 5.44 5.44 5.44 5.44 5.45 5.45 5.46 5.47 5.48 5.49 5.51 5.54 5.57 5.62 5.68 5.75 5.85 5.96 6.11 6.28 6.49 6.74 7.04 7.39 7.80 8.27 8.80 9.40 10.07 10.81 11.62 12.50 13.44 14.44 15.48 16.57 17.70 18.84 20.00 
20.00 18.78 17.57 16.38 15.23 14.12 13.07 12.07 11.15 10.29 9.51 8.80 8.17 7.61 7.11 6.68 6.31 5.99 5.73 5.50 5.32 5.17 5.04 4.95 4.87 4.81 4.76 4.72 4.69 4.67 4.66 4.64 4.63 4.63 4.62 4.62 4.62 4.62 4.62 4.62 4.61 4.61 4.61 4.61 4.61 4.61 4.61 4.61 4.61 4.61 4.61 4.61 4.61 4.61 4.61 4.61 4.61 4.61 4.61 4.61 4.61 4.61 4.61 4.61 4.61 4.61 4.61 4.61 4.61 4.61 4.61 4.61 4.61 4.61 4.61 4.61 4.61 4.61 4.61 4.61 4.61 4.61 4.61 4.61 4.61 4.61 4.61 4.61 4.61 4.61 4.62 4.62 4.62 4.62 4.62 4.62 4.63 4.63 4.64 4.66 4.67 4.69 4.72 4.76 4.81 4.87 4.95 5.04 5.17 5.32 5.50 5.73 5.99 6.31 6.68 7.11 7.61 8.17 8.80 9.51 10.29 11.15 12.07 13.07 14.12 15.23 16.38 17.57 18.78 20.00 
20.00 18.72 17.45 16.21 15.00 13.84 12.74 11.70 10.73 9.83 9.01 8.27 7.61 7.02 6.50 6.05 5.66 5.33 5.05 4.81 4.62 4.46 4.33 4.23 4.15 4.08 4.03 3.99 3.96 3.94 3.93 3.91 3.90 3.90 3.89 3.89 3.89 3.89 3.88 3.88 3.88 3.88 3.88 3.88 3.88 3.88 3.88 3.88 3.88 3.88 3.88 3.88 3.88 3.88 3.88 3.88 3.88 3.88 3.88 3.88 3.88 3.88 3.88 3.88 3.88 3.88 3.88 3.88 3.88 3.88 3.88 3.88 3.88 3.88 3.88 3.88 3.88 3.88 3.88 3.88 3.88 3.88 3.88 3.88 3.88 3.88 3.88 3.88 3.88 3.88 3.88 3.88 3.89 3.89 3.89 3.89 3.90 3.90 3.91 3.93 3.94 3.96 3.99 4.03 4.08 4.15 4.23 4.33 4.46 4.62 4.81 5.05 5.33 5.66 6.05 6.50 7.02 7.61 8.27 9.01 9.83 10.73 11.70 12.74 13.84 15.00 16.21 17.45 18.72 20.00 
20.00 18.67 17.35 16.06 14.80 13.59 12.45 11.36 10.36 9.42 8.57 7.80 7.11 6.50 5.96 5.49 5.09 4.74 4.45 4.21 4.01 3.84 3.71 3.60 3.52 3.45 3.40 3.36 3.33 3.30 3.28 3.27 3.26 3.26 3.25 3.25 3.24 3.24 3.24 3.24 3.24 3.24 3.24 3.24 3.24 3.24 3.24 3.24 3.24 3.24 3.24 3.24 3.24 3.24 3.24 3.24 3.24 3.24 3.24 3.24 3.24 3.24 3.24 3.24 3.24 3.24 3.24 3.24 3.24 3.24 3.24 3.24 3.24 3.24 3.24 3.24 3.24 3.24 3.24 3.24 3.24 3.24 3.24 3.24 3.24 3.24 3.24 3.24 3.24 3.24 3.24 3.24 3.24 3.24 3.25 3.25 3.26 3.26 3.27 3.28 3.30 3.33 3.36 3.40 3.45 3.52 3.60 3.71 3.84 4.01 4.21 4.45 4.74 5.09 5.49 5.96 6.50 7.11 7.80 8.57 9.42 10.36 11.36 12.45 13.59 14.80 16.06 17.35 18.67 20.00 
20.00 18.62 17.26 15.92 14.63 13.38 12.19 11.08 10.03 9.07 8.19 7.39 6.68 6.05 5.49 5.00 4.59 4.23 3.93 3.68 3.47 3.30 3.16 3.05 2.97 2.90 2.84 2.80 2.77 2.74 2.73 2.71 2.70 2.70 2.69 2.69 2.69 2.68 2.68 2.68 2.68 2.68 2.68 2.68 2.68 2.68 2.68 2.68 2.68 2.68 2.68 2.68 2.68 2.68 2.68 2.68 2.68 2.68 2.68 2.68 2.68 2.68 2.68 2.68 2.68 2.68 2.68 2.68 2.68 2.68 2.68 2.68 2.68 2.68 2.68 2.68 2.68 2.68 2.68 2.68 2.68 2.68 2.68 2.68 2.68 2.68 2.68 2.68 2.68 2.68 2.68 2.68 2.68 2.69 2.69 2.69 2.70 2.70 2.71 2.73 2.74 2.77 2.80 2.84 2.90 2.97 3.05 3.16 3.30 3.47 3.68 3.93 4.23 4.59 5.00 5.49 6.05 6.68 7.39 8.19 9.07 10.03 11.08 12.19 13.38 14.63 15.92 17.26 18.62 20.00 
20.00 18.58 17.18 15.81 14.48 13.20 11.98 10.83 9.76 8.77 7.86 7.04 6.31 5.66 5.09 4.59 4.16 3.79 3.48 3.23 3.01 2.84 2.70 2.58 2.49 2.42 2.37 2.32 2.29 2.27 2.25 2.23 2.22 2.22 2.21 2.21 2.20 2.20 2.20 2.20 2.20 2.20 2.20 2.20 2.20 2.20 2.20 2.20 2.20 2.20 2.20 2.20 2.20 2.20 2.20 2.20 2.20 2.20 2.20 2.20 2.20 2.20 2.20 2.20 2.20 2.20 2.20 2.20 2.20 2.20 2.20 2.20 2.20 2.20 2.20 2.20 2.20 2.20 2.20 2.20 2.20 2.20 2.20 2.20 2.20 2.20 2.20 2.20 2.20 2.20 2.20 2.20 2.20 2.20 2.21 2.21 2.22 2.22 2.23 2.25 2.27 2.29 2.32 2.37 2.42 2.49 2.58 2.70 2.84 3.01 3.23 3.48 3.79 4.16 4.59 5.09 5.66 6.31 7.04 7.86 8.77 9.76 10.83 11.98 13.20 14.48 15.81 17.18 18.58 20.00 
20.00 18.55 17.12 15.71 14.35 13.04 11.79 10.62 9.52 8.51 7.58 6.74 5.99 5.33 4.74 4.23 3.79 3.42 3.10 2.84 2.62 2.44 2.30 2.18 2.09 2.02 1.96 1.91 1.88 1.86 1.84 1.82 1.81 1.81 1.80 1.80 1.79 1.79 1.79 1.79 1.79 1.79 1.79 1.79 1.79 1.79 1.79 1.79 1.79 1.79 1.79 1.79 1.79 1.79 1.79 1.79 1.79 1.79 1.79 1.79 1.79 1.79 1.79 1.79 1.79 1.79 1.79 1.79 1.79 1.79 1.79 1.79 1.79 1.79 1.79 1.79 1.79 1.79 1.79 1.79 1.79 1.79 1.79 1.79 1.79 1.79 1.79 1.79 1.79 1.79 1.79 1.79 1.79 1.79 1.80 1.80 1.81 1.81 1.82 1.84 1.86 1.88 1.91 1.96 2.02 2.09 2.18 2.30 2.44 2.62 2.84 3.10 3.42 3.79 4.23 4.74 5.33 5.99 6.74 7.58 8.51 9.52 10.62 11.79 13.04 14.35 15.71 17.12 18.55 20.00 
20.00 18.52 17.06 15.63 14.24 12.91 11.63 10.44 9.32 8.29 7.35 6.49 5.73 5.05 4.45 3.93 3.48 3.10 2.78 2.51 2.29 2.11 1.96 1.84 1.75 1.67 1.62 1.57 1.54 1.51 1.49 1.48 1.47 1.46 1.45 1.45 1.45 1.45 1.44 1.44 1.44 1.44 1.44 1.44 1.44 1.44 1.44 1.44 1.44 1.44 1.44 1.44 1.44 1.44 1.44 1.44 1.44 1.44 1.44 1.44 1.44 1.44 1.44 1.44 1.44 1.44 1.44 1.44 1.44 1.44 1.44 1.44 1.44 1.44 1.44 1.44 1.44 1.44 1.44 1.44 1.44 1.44 1.44 1.44 1.44 1.44 1.44 1.44 1.44 1.44 1.44 1.44 1.45 1.45 1.45 1.45 1.46 1.47 1.48 1.49 1.51 1.54 1.57 1.62 1.67 1.75 1.84 1.96 2.11 2.29 2.51 2.78 3.10 3.48 3.93 4.45 5.05 5.73 6.49 7.35 8.29 9.32 10.44 11.63 12.91 14.24 15.63 17.06 18.52 20.00 
20.00 18.50 17.02 15.56 14.15 12.79 11.50 10.29 9.15 8.11 7.15 6.28 5.50 4.81 4.21 3.68 3.23 2.84 2.51 2.24 2.01 1.83 1.68 1.56 1.46 1.39 1.33 1.28 1.25 1.22 1.20 1.19 1.18 1.17 1.16 1.16 1.16 1.16 1.15 1.15 1.15 1.15 1.15 1.15 1.15 1.15 1.15 1.15 1.15 1.15 1.15 1.15 1.15 1.15 1.15 1.15 1.15 1.15 1.15 1.15 1.15 1.15 1.15 1.15 1.15 1.15 1.15 1.15 1.15 1.15 1.15 1.15 1.15 1.15 1.15 1.15 1.15 1.15 1.15 1.15 1.15 1.15 1.15 1.15 1.15 1.15 1.15 1.15 1.15 1.15 1.15 1.15 1.16 1.16 1.16 1.16 1.17 1.18 1.19 1.20 1.22 1.25 1.28 1.33 1.39 1.46 1.56 1.68 1.83 2.01 2.24 2.51 2.84 3.23 3.68 4.21 4.81 5.50 6.28 7.15 8.11 9.15 10.29 11.50 12.79 14.15 15.56 17.02 18.50 20.00 
20.00 18.48 16.98 15.51 14.08 12.70 11.39 10.16 9.01 7.95 6.98 6.11 5.32 4.62 4.01 3.47 3.01 2.62 2.29 2.01 1.78 1.60 1.45 1.32 1.23 1.15 1.09 1.05 1.01 0.98 0.96 0.95 0.94 0.93 0.93 0.92 0.92 0.92 0.92 0.91 0.91 0.91 0.91 0.91 0.91 0.91 0.91 0.91 0.91 0.91 0.91 0.91 0.91 0.91 0.91 0.91 0.91 0.91 0.91 0.91 0.91 0.91 0.91 0.91 0.91 0.91 0.91 0.91 0.91 0.91 0.91 0.91 0.91 0.91 0.91 0.91 0.91 0.91 0.91 0.91 0.91 0.91 0.91 0.91 0.91 0.91 0.91 0.91 0.91 0.91 0.91 0.92 0.92 0.92 0.92 0.93 0.93 0.94 0.95 0.96 0.98 1.01 1.05 1.09 1.15 1.23 1.32 1.45 1.60 1.78 2.01 2.29 2.62 3.01 3.47 4.01 4.62 5.32 6.11 6.98 7.95 9.01 10.16 11.39 12.70 14.08 15.51 16.98 18.48 20.00 
20.00 18.47 16.95 15.46 14.02 12.63 11.31 10.06 8.90 7.83 6.85 5.96 5.17 4.46 3.84 3.30 2.84 2.44 2.11 1.83 1.60 1.41 1.25 1.13 1.03 0.96 0.90 0.85 0.82 0.79 0.77 0.75 0.74 0.74 0.73 0.73 0.72 0.72 0.72 0.72 0.72 0.72 0.72 0.72 0.72 0.72 0.72 0.72 0.72 0.72 0.72 0.72 0.72 0.72 0.72 0.72 0.72 0.72 0.72 0.72 0.72 0.72 0.72 0.72 0.72 0.72 0.72 0.72 0.72 0.72 0.72 0.72 0.72 0.72 0.72 0.72 0.72 0.72 0.72 0.72 0.72 0.72 0.72 0.72 0.72 0.72 0.72 0.72 0.72 0.72 0.72 0.72 0.72 0.72 0.73 0.73 0.74 0.74 0.75 0.77 0.79 0.82 0.85 0.90 0.96 1.03 1.13 1.25 1.41 1.60 1.83 2.11 2.44 2.84 3.30 3.84 4.46 5.17 5.96 6.85 7.83 8.90 10.06 11.31 12.63 14.02 15.46 16.95 18.47 20.00 
20.00 18.45 16.92 15.42 13.97 12.57 11.23 9.98 8.81 7.73 6.74 5.85 5.04 4.33 3.71 3.16 2.70 2.30 1.96 1.68 1.45 1.25 1.10 0.98 0.88 0.80 0.74 0.69 0.66 0.63 0.61 0.60 0.58 0.58 0.57 0.57 0.56 0.56 0.56 0.56 0.56 0.56 0.56 0.56 0.56 0.56 0.56 0.56 0.56 0.56 0.56 0.56 0.56 0.56 0.56 0.56 0.56 0.56 0.56 0.56 0.56 0.56 0.56 0.56 0.56 0.56 0.56 0.56 0.56 0.56 0.56 0.56 0.56 0.56 0.56 0.56 0.56 0.56 0.56 0.56 0.56 0.56 0.56 0.56 0.56 0.56 0.56 0.56 0.56 0.56 0.56 0.56 0.56 0.56 0.57 0.57 0.58 0.58 0.60 0.61 0.63 0.66 0.69 0.74 0.80 0.88 0.98 1.10 1.25 1.45 1.68 1.96 2.30 2.70 3.16 3.71 4.33 5.04 5.85 6.74 7.73 8.81 9.98 11.23 12.57 13.97 15.42 16.92 18.45 20.00 
20.00 18.44 16.90 15.39 13.93 12.52 11.18 9.91 8.74 7.65 6.65 5.75 4.95 4.23 3.60 3.05 2.58 2.18 1.84 1.56 1.32 1.13 0.98 0.85 0.75 0.67 0.61 0.57 0.53 0.50 0.48 0.47 0.46 0.45 0.44 0.44 0.44 0.43 0.43 0.43 0.43 0.43 0.43 0.43 0.43 0.43 0.43 0.43 0.43 0.43 0.43 0.43 0.43 0.43 0.43 0.43 0.43 0.43 0.43 0.43 0.43 0.43 0.43 0.43 0.43 0.43 0.43 0.43 0.43 0.43 0.43 0.43 0.43 0.43 0.43 0.43 0.43 0.43 0.43 0.43 0.43 0.43 0.43 0.43 0.43 0.43 0.43 0.43 0.43 0.43 0.43 0.43 0.43 0.44 0.44 0.44 0.45 0.46 0.47 0.48 0.50 0.53 0.57 0.61 0.67 0.75 0.85 0.98 1.13 1.32 1.56 1.84 2.18 2.58 3.05 3.60 4.23 4.95 5.75 6.65 7.65 8.74 9.91 11.18 12.52 13.93 15.39 16.90 18.44 20.00 
20.00 18.44 16.89 15.37 13.89 12.48 11.13 9.86 8.68 7.58 6.58 5.68 4.87 4.15 3.52 2.97 2.49 2.09 1.75 1.46 1.23 1.03 0.88 0.75 0.65 0.57 0.51 0.46 0.43 0.40 0.38 0.37 0.36 0.35 0.34 0.34 0.33 0.33 0.33 0.33 0.33 0.33 0.33 0.33 0.33 0.33 0.33 0.33 0.33 0.33 0.33 0.33 0.33 0.33 0.33 0.33 0.33 0.33 0.33 0.33 0.33 0.33 0.33 0.33 0.33 0.33 0.33 0.33 0.33 0.33 0.33 0.33 0.33 0.33 0.33 0.33 0.33 0.33 0.33 0.33 0.33 0.33 0.33 0.33 0.33 0.33 0.33 0.33 0.33 0.33 0.33 0.33 0.33 0.33 0.34 0.34 0.35 0.36 0.37 0.38 0.40 0.43 0.46 0.51 0.57 0.65 0.75 0.88 1.03 1.23 1.46 1.75 2.09 2.49 2.97 3.52 4.15 4.87 5.68 6.58 7.58 8.68 9.86 11.13 12.48 13.89 15.37 16.89 18.44 20.00 
20.00 18.43 16.87 15.35 13.87 12.45 11.09 9.82 8.63 7.53 6.53 5.62 4.81 4.08 3.45 2.90 2.42 2.02 1.67 1.39 1.15 0.96 0.80 0.67 0.57 0.49 0.43 0.39 0.35 0.32 0.30 0.29 0.28 0.27 0.26 0.26 0.25 0.25 0.25 0.25 0.25 0.25 0.25 0.25 0.25 0.25 0.25 0.25 0.25 0.25 0.25 0.25 0.25 0.25 0.25 0.25 0.25 0.25 0.25 0.25 0.25 0.25 0.25 0.25 0.25 0.25 0.25 0.25 0.25 0.25 0.25 0.25 0.25 0.25 0.25 0.25 0.25 0.25 0.25 0.25 0.25 0.25 0.25 0.25 0.25 0.25 0.25 0.25 0.25 0.25 0.25 0.25 0.25 0.25 0.26 0.26 0.27 0.28 0.29 0.30 0.32 0.35 0.39 0.43 0.49 0.57 0.67 0.80 0.96 1.15 1.39 1.67 2.02 2.42 2.90 3.45 4.08 4.81 5.62 6.53 7.53 8.63 9.82 11.09 12.45 13.87 15.35 16.87 18.43 20.00 
20.00 18.42 16.86 15.33 13.85 12.42 11.07 9.79 8.59 7.49 6.49 5.57 4.76 4.03 3.40 2.84 2.37 1.96 1.62 1.33 1.09 0.90 0.74 0.61 0.51 0.43 0.37 0.32 0.29 0.26 0.24 0.22 0.21 0.21 0.20 0.20 0.19 0.19 0.19 0.19 0.19 0.19 0.19 0.19 0.19 0.19 0.19 0.19 0.19 0.19 0.19 0.19 0.19 0.19 0.19 0.19 0.19 0.19 0.19 0.19 0.19 0.19 0.19 0.19 0.19 0.19 0.19 0.19 0.19 0.19 0.19 0.19 0.19 0.19 0.19 0.19 0.19 0.19 0.19 0.19 0.19 0.19 0.19 0.19 0.19 0.19 0.19 0.19 0.19 0.19 0.19 0.19 0.19 0.19 0.20 0.20 0.21 0.21 0.22 0.24 0.26 0.29 0.32 0.37 0.43 0.51 0.61 0.74 0.90 1.09 1.33 1.62 1.96 2.37 2.84 3.40 4.03 4.76 5.57 6.49 7.49 8.59 9.79 11.07 12.42 13.85 15.33 16.86 18.42 20.00 
20.00 18.42 16.86 15.32 13.83 12.40 11.04 9.76 8.57 7.46 6.45 5.54 4.72 3.99 3.36 2.80 2.32 1.91 1.57 1.28 1.05 0.85 0.69 0.57 0.46 0.39 0.32 0.28 0.24 0.21 0.19 0.18 0.17 0.16 0.15 0.15 0.14 0.14 0.14 0.14 0.14 0.14 0.14 0.14 0.14 0.14 0.14 0.14 0.14 0.14 0.14 0.14 0.14 0.14 0.14 0.14 0.14 0.14 0.14 0.14 0.14 0.14 0.14 0.14 0.14 0.14 0.14 0.14 0.14 0.14 0.14 0.14 0.14 0.14 0.14 0.14 0.14 0.14 0.14 0.14 0.14 0.14 0.14 0.14 0.14 0.14 0.14 0.14 0.14 0.14 0.14 0.14 0.14 0.14 0.15 0.15 0.16 0.17 0.18 0.19 0.21 0.24 0.28 0.32 0.39 0.46 0.57 0.69 0.85 1.05 1.28 1.57 1.91 2.32 2.80 3.36 3.99 4.72 5.54 6.45 7.46 8.57 9.76 11.04 12.40 13.83 15.32 16.86 18.42 20.00 
20.00 18.42 16.85 15.31 13.82 12.39 11.03 9.74 8.55 7.44 6.43 5.51 4.69 3.96 3.33 2.77 2.29 1.88 1.54 1.25 1.01 0.82 0.66 0.53 0.43 0.35 0.29 0.24 0.20 0.18 0.16 0.14 0.13 0.12 0.12 0.11 0.11 0.11 0.10 0.10 0.10 0.10 0.10 0.10 0.10 0.10 0.10 0.10 0.10 0.10 0.10 0.10 0.10 0.10 0.10 0.10 0.10 0.10 0.10 0.10 0.10 0.10 0.10 0.10 0.10 0.10 0.10 0.10 0.10 0.10 0.10 0.10 0.10 0.10 0.10 0.10 0.10 0.10 0.10 0.10 0.10 0.10 0.10 0.10 0.10 0.10 0.10 0.10 0.10 0.10 0.10 0.10 0.11 0.11 0.11 0.12 0.12 0.13 0.14 0.16 0.18 0.20 0.24 0.29 0.35 0.43 0.53 0.66 0.82 1.01 1.25 1.54 1.88 2.29 2.77 3.33 3.96 4.69 5.51 6.43 7.44 8.55 9.74 11.03 12.39 13.82 15.31 16.85 18.42 20.00 
20.00 18.42 16.85 15.31 13.81 12.38 11.02 9.73 8.53 7.42 6.41 5.49 4.67 3.94 3.30 2.74 2.27 1.86 1.51 1.22 0.98 0.79 0.63 0.50 0.40 0.32 0.26 0.21 0.18 0.15 0.13 0.11 0.10 0.09 0.09 0.08 0.08 0.08 0.08 0.08 0.08 0.08 0.07 0.07 0.07 0.07 0.07 0.07 0.07 0.07 0.07 0.07 0.07 0.07 0.07 0.07 0.07 0.07 0.07 0.07 0.07 0.07 0.07 0.07 0.07 0.07 0.07 0.07 0.07 0.07 0.07 0.07 0.07 0.07 0.07 0.07 0.07 0.07 0.07 0.07 0.07 0.07 0.07 0.07 0.07 0.07 0.07 0.07 0.08 0.08 0.08 0.08 0.08 0.08 0.08 0.09 0.09 0.10 0.11 0.13 0.15 0.18 0.21 0.26 0.32 0.40 0.50 0.63 0.79 0.98 1.22 1.51 1.86 2.27 2.74 3.30 3.94 4.67 5.49 6.41 7.42 8.53 9.73 11.02 12.38 13.81 15.31 16.85 18.42 20.00 
20.00 18.41 16.84 15.30 13.81 12.37 11.01 9.72 8.52 7.41 6.40 5.48 4.66 3.93 3.28 2.73 2.25 1.84 1.49 1.20 0.96 0.77 0.61 0.48 0.38 0.30 0.24 0.19 0.16 0.13 0.11 0.09 0.08 0.07 0.07 0.06 0.06 0.06 0.06 0.06 0.05 0.05 0.05 0.05 0.05 0.05 0.05 0.05 0.05 0.05 0.05 0.05 0.05 0.05 0.05 0.05 0.05 0.05 0.05 0.05 0.05 0.05 0.05 0.05 0.05 0.05 0.05 0.05 0.05 0.05 0.05 0.05 0.05 0.05 0.05 0.05 0.05 0.05 0.05 0.05 0.05 0.05 0.05 0.05 0.05 0.05 0.05 0.05 0.05 0.05 0.06 0.06 0.06 0.06 0.06 0.07 0.07 0.08 0.09 0.11 0.13 0.16 0.19 0.24 0.30 0.38 0.48 0.61 0.77 0.96 1.20 1.49 1.84 2.25 2.73 3.28 3.93 4.66 5.48 6.40 7.41 8.52 9.72 11.01 12.37 13.81 15.30 16.84 18.41 20.00 
20.00 18.41 16.84 15.30 13.80 12.37 11.00 9.71 8.51 7.40 6.38 5.47 4.64 3.91 3.27 2.71 2.23 1.82 1.48 1.19 0.95 0.75 0.60 0.47 0.37 0.29 0.22 0.18 0.14 0.11 0.09 0.08 0.07 0.06 0.05 0.05 0.04 0.04 0.04 0.04 0.04 0.04 0.04 0.04 0.04 0.04 0.04 0.04 0.04 0.04 0.04 0.04 0.04 0.04 0.04 0.04 0.04 0.04 0.04 0.04 0.04 0.04 0.04 0.04 0.04 0.04 0.04 0.04 0.04 0.04 0.04 0.04 0.04 0.04 0.04 0.04 0.04 0.04 0.04 0.04 0.04 0.04 0.04 0.04 0.04 0.04 0.04 0.04 0.04 0.04 0.04 0.04 0.04 0.04 0.05 0.05 0.06 0.07 0.08 0.09 0.11 0.14 0.18 0.22 0.29 0.37 0.47 0.60 0.75 0.95 1.19 1.48 1.82 2.23 2.71 3.27 3.91 4.64 5.47 6.38 7.40 8.51 9.71 11.00 12.37 13.80 15.30 16.84 18.41 20.00 
20.00 18.41 16.84 15.30 13.80 12.36 10.99 9.70 8.50 7.39 6.38 5.46 4.63 3.90 3.26 2.70 2.22 1.81 1.47 1.18 0.94 0.74 0.58 0.46 0.36 0.28 0.21 0.17 0.13 0.10 0.08 0.07 0.05 0.05 0.04 0.04 0.03 0.03 0.03 0.03 0.03 0.03 0.03 0.03 0.03 0.03 0.03 0.03 0.03 0.03 0.03 0.03 0.03 0.03 0.03 0.03 0.03 0.03 0.03 0.03 0.03 0.03 0.03 0.03 0.03 0.03 0.03 0.03 0.03 0.03 0.03 0.03 0.03 0.03 0.03 0.03 0.03 0.03 0.03 0.03 0.03 0.03 0.03 0.03 0.03 0.03 0.03 0.03 0.03 0.03 0.03 0.03 0.03 0.03 0.04 0.04 0.05 0.05 0.07 0.08 0.10 0.13 0.17 0.21 0.28 0.36 0.46 0.58 0.74 0.94 1.18 1.47 1.81 2.22 2.70 3.26 3.90 4.63 5.46 6.38 7.39 8.50 9.70 10.99 12.36 13.80 15.30 16.84 18.41 20.00 
20.00 18.41 16.84 15.29 13.80 12.36 10.99 9.70 8.50 7.39 6.37 5.45 4.63 3.90 3.26 2.70 2.22 1.81 1.46 1.17 0.93 0.74 0.58 0.45 0.35 0.27 0.21 0.16 0.12 0.09 0.07 0.06 0.05 0.04 0.03 0.03 0.03 0.02 0.02 0.02 0.02 0.02 0.02 0.02 0.02 0.02 0.02 0.02 0.02 0.02 0.02 0.02 0.02 0.02 0.02 0.02 0.02 0.02 0.02 0.02 0.02 0.02 0.02 0.02 0.02 0.02 0.02 0.02 0.02 0.02 0.02 0.02 0.02 0.02 0.02 0.02 0.02 0.02 0.02 0.02 0.02 0.02 0.02 0.02 0.02 0.02 0.02 0.02 0.02 0.02 0.02 0.02 0.02 0.03 0.03 0.03 0.04 0.05 0.06 0.07 0.09 0.12 0.16 0.21 0.27 0.35 0.45 0.58 0.74 0.93 1.17 1.46 1.81 2.22 2.70 3.26 3.90 4.63 5.45 6.37 7.39 8.50 9.70 10.99 12.36 13.80 15.29 16.84 18.41 20.00 
20.00 18.41 16.84 15.29 13.80 12.36 10.99 9.70 8.49 7.38 6.37 5.45 4.62 3.89 3.25 2.69 2.21 1.80 1.45 1.16 0.93 0.73 0.57 0.44 0.34 0.26 0.20 0.15 0.12 0.09 0.07 0.05 0.04 0.03 0.03 0.02 0.02 0.02 0.02 0.02 0.01 0.01 0.01 0.01 0.01 0.01 0.01 0.01 0.01 0.01 0.01 0.01 0.01 0.01 0.01 0.01 0.01 0.01 0.01 0.01 0.01 0.01 0.01 0.01 0.01 0.01 0.01 0.01 0.01 0.01 0.01 0.01 0.01 0.01 0.01 0.01 0.01 0.01 0.01 0.01 0.01 0.01 0.01 0.01 0.01 0.01 0.01 0.01 0.01 0.01 0.02 0.02 0.02 0.02 0.02 0.03 0.03 0.04 0.05 0.07 0.09 0.12 0.15 0.20 0.26 0.34 0.44 0.57 0.73 0.93 1.16 1.45 1.80 2.21 2.69 3.25 3.89 4.62 5.45 6.37 7.38 8.49 9.70 10.99 12.36 13.80 15.29 16.84 18.41 20.00 
20.00 18.41 16.84 15.29 13.79 12.35 10.99 9.70 8.49 7.38 6.36 5.44 4.62 3.89 3.25 2.69 2.21 1.80 1.45 1.16 0.92 0.73 0.57 0.44 0.34 0.26 0.20 0.15 0.11 0.08 0.06 0.05 0.04 0.03 0.02 0.02 0.02 0.01 0.01 0.01 0.01 0.01 0.01 0.01 0.01 0.01 0.01 0.01 0.01 0.01 0.01 0.01 0.01 0.01 0.01 0.01 0.01 0.01 0.01 0.01 0.01 0.01 0.01 0.01 0.01 0.01 0.01 0.01 0.01 0.01 0.01 0.01 0.01 0.01 0.01 0.01 0.01 0.01 0.01 0.01 0.01 0.01 0.01 0.01 0.01 0.01 0.01 0.01 0.01 0.01 0.01 0.01 0.01 0.02 0.02 0.02 0.03 0.04 0.05 0.06 0.08 0.11 0.15 0.20 0.26 0.34 0.44 0.57 0.73 0.92 1.16 1.45 1.80 2.21 2.69 3.25 3.89 4.62 5.44 6.36 7.38 8.49 9.70 10.99 12.35 13.79 15.29 16.84 18.41 20.00 
20.00 18.41 16.84 15.29 13.79 12.35 10.98 9.69 8.49 7.38 6.36 5.44 4.62 3.89 3.24 2.69 2.20 1.79 1.45 1.16 0.92 0.72 0.56 0.44 0.33 0.25 0.19 0.14 0.11 0.08 0.06 0.04 0.03 0.03 0.02 0.02 0.01 0.01 0.01 0.01 0.01 0.01 0.01 0.01 0.01 0.01 0.01 0.01 0.01 0.01 0.01 0.01 0.01 0.01 0.01 0.01 0.01 0.01 0.01 0.01 0.01 0.01 0.01 0.01 0.01 0.01 0.01 0.01 0.01 0.01 0.01 0.01 0.01 0.01 0.01 0.01 0.01 0.01 0.01 0.01 0.01 0.01 0.01 0.01 0.01 0.01 0.01 0.01 0.01 0.01 0.01 0.01 0.01 0.01 0.02 0.02 0.03 0.03 0.04 0.06 0.08 0.11 0.14 0.19 0.25 0.33 0.44 0.56 0.72 0.92 1.16 1.45 1.79 2.20 2.69 3.24 3.89 4.62 5.44 6.36 7.38 8.49 9.69 10.98 12.35 13.79 15.29 16.84 18.41 20.00 
20.00 18.41 16.83 15.29 13.79 12.35 10.98 9.69 8.49 7.38 6.36 5.44 4.62 3.89 3.24 2.68 2.20 1.79 1.45 1.16 0.92 0.72 0.56 0.43 0.33 0.25 0.19 0.14 0.11 0.08 0.06 0.04 0.03 0.02 0.02 0.01 0.01 0.01 0.01 0.01 0.01 0.01 0.00 0.00 0.00 0.00 0.00 0.00 0.00 0.00 0.00 0.00 0.00 0.00 0.00 0.00 0.00 0.00 0.00 0.00 0.00 0.00 0.00 0.00 0.00 0.00 0.00 0.00 0.00 0.00 0.00 0.00 0.00 0.00 0.00 0.00 0.00 0.00 0.00 0.00 0.00 0.00 0.00 0.00 0.00 0.00 0.00 0.00 0.01 0.01 0.01 0.01 0.01 0.01 0.01 0.02 0.02 0.03 0.04 0.06 0.08 0.11 0.14 0.19 0.25 0.33 0.43 0.56 0.72 0.92 1.16 1.45 1.79 2.20 2.68 3.24 3.89 4.62 5.44 6.36 7.38 8.49 9.69 10.98 12.35 13.79 15.29 16.83 18.41 20.00 
20.00 18.41 16.83 15.29 13.79 12.35 10.98 9.69 8.49 7.38 6.36 5.44 4.62 3.88 3.24 2.68 2.20 1.79 1.44 1.15 0.92 0.72 0.56 0.43 0.33 0.25 0.19 0.14 0.10 0.08 0.06 0.04 0.03 0.02 0.02 0.01 0.01 0.01 0.01 0.00 0.00 0.00 0.00 0.00 0.00 0.00 0.00 0.00 0.00 0.00 0.00 0.00 0.00 0.00 0.00 0.00 0.00 0.00 0.00 0.00 0.00 0.00 0.00 0.00 0.00 0.00 0.00 0.00 0.00 0.00 0.00 0.00 0.00 0.00 0.00 0.00 0.00 0.00 0.00 0.00 0.00 0.00 0.00 0.00 0.00 0.00 0.00 0.00 0.00 0.00 0.00 0.01 0.01 0.01 0.01 0.02 0.02 0.03 0.04 0.06 0.08 0.10 0.14 0.19 0.25 0.33 0.43 0.56 0.72 0.92 1.15 1.44 1.79 2.20 2.68 3.24 3.88 4.62 5.44 6.36 7.38 8.49 9.69 10.98 12.35 13.79 15.29 16.83 18.41 20.00 
20.00 18.41 16.83 15.29 13.79 12.35 10.98 9.69 8.49 7.38 6.36 5.44 4.62 3.88 3.24 2.68 2.20 1.79 1.44 1.15 0.91 0.72 0.56 0.43 0.33 0.25 0.19 0.14 0.10 0.08 0.06 0.04 0.03 0.02 0.02 0.01 0.01 0.01 0.00 0.00 0.00 0.00 0.00 0.00 0.00 0.00 0.00 0.00 0.00 0.00 0.00 0.00 0.00 0.00 0.00 0.00 0.00 0.00 0.00 0.00 0.00 0.00 0.00 0.00 0.00 0.00 0.00 0.00 0.00 0.00 0.00 0.00 0.00 0.00 0.00 0.00 0.00 0.00 0.00 0.00 0.00 0.00 0.00 0.00 0.00 0.00 0.00 0.00 0.00 0.00 0.00 0.00 0.01 0.01 0.01 0.02 0.02 0.03 0.04 0.06 0.08 0.10 0.14 0.19 0.25 0.33 0.43 0.56 0.72 0.91 1.15 1.44 1.79 2.20 2.68 3.24 3.88 4.62 5.44 6.36 7.38 8.49 9.69 10.98 12.35 13.79 15.29 16.83 18.41 20.00 
20.00 18.41 16.83 15.29 13.79 12.35 10.98 9.69 8.49 7.38 6.36 5.44 4.61 3.88 3.24 2.68 2.20 1.79 1.44 1.15 0.91 0.72 0.56 0.43 0.33 0.25 0.19 0.14 0.10 0.08 0.05 0.04 0.03 0.02 0.01 0.01 0.01 0.01 0.00 0.00 0.00 0.00 0.00 0.00 0.00 0.00 0.00 0.00 0.00 0.00 0.00 0.00 0.00 0.00 0.00 0.00 0.00 0.00 0.00 0.00 0.00 0.00 0.00 0.00 0.00 0.00 0.00 0.00 0.00 0.00 0.00 0.00 0.00 0.00 0.00 0.00 0.00 0.00 0.00 0.00 0.00 0.00 0.00 0.00 0.00 0.00 0.00 0.00 0.00 0.00 0.00 0.00 0.01 0.01 0.01 0.01 0.02 0.03 0.04 0.05 0.08 0.10 0.14 0.19 0.25 0.33 0.43 0.56 0.72 0.91 1.15 1.44 1.79 2.20 2.68 3.24 3.88 4.61 5.44 6.36 7.38 8.49 9.69 10.98 12.35 13.79 15.29 16.83 18.41 20.00 
20.00 18.41 16.83 15.29 13.79 12.35 10.98 9.69 8.49 7.38 6.36 5.44 4.61 3.88 3.24 2.68 2.20 1.79 1.44 1.15 0.91 0.72 0.56 0.43 0.33 0.25 0.19 0.14 0.10 0.08 0.05 0.04 0.03 0.02 0.01 0.01 0.01 0.01 0.00 0.00 0.00 0.00 0.00 0.00 0.00 0.00 0.00 0.00 0.00 0.00 0.00 0.00 0.00 0.00 0.00 0.00 0.00 0.00 0.00 0.00 0.00 0.00 0.00 0.00 0.00 0.00 0.00 0.00 0.00 0.00 0.00 0.00 0.00 0.00 0.00 0.00 0.00 0.00 0.00 0.00 0.00 0.00 0.00 0.00 0.00 0.00 0.00 0.00 0.00 0.00 0.00 0.00 0.01 0.01 0.01 0.01 0.02 0.03 0.04 0.05 0.08 0.10 0.14 0.19 0.25 0.33 0.43 0.56 0.72 0.91 1.15 1.44 1.79 2.20 2.68 3.24 3.88 4.61 5.44 6.36 7.38 8.49 9.69 10.98 12.35 13.79 15.29 16.83 18.41 20.00 
20.00 18.41 16.83 15.29 13.79 12.35 10.98 9.69 8.49 7.38 6.36 5.44 4.61 3.88 3.24 2.68 2.20 1.79 1.44 1.15 0.91 0.72 0.56 0.43 0.33 0.25 0.19 0.14 0.10 0.07 0.05 0.04 0.03 0.02 0.01 0.01 0.01 0.00 0.00 0.00 0.00 0.00 0.00 0.00 0.00 0.00 0.00 0.00 0.00 0.00 0.00 0.00 0.00 0.00 0.00 0.00 0.00 0.00 0.00 0.00 0.00 0.00 0.00 0.00 0.00 0.00 0.00 0.00 0.00 0.00 0.00 0.00 0.00 0.00 0.00 0.00 0.00 0.00 0.00 0.00 0.00 0.00 0.00 0.00 0.00 0.00 0.00 0.00 0.00 0.00 0.00 0.00 0.00 0.01 0.01 0.01 0.02 0.03 0.04 0.05 0.07 0.10 0.14 0.19 0.25 0.33 0.43 0.56 0.72 0.91 1.15 1.44 1.79 2.20 2.68 3.24 3.88 4.61 5.44 6.36 7.38 8.49 9.69 10.98 12.35 13.79 15.29 16.83 18.41 20.00 
20.00 18.41 16.83 15.29 13.79 12.35 10.98 9.69 8.49 7.37 6.36 5.44 4.61 3.88 3.24 2.68 2.20 1.79 1.44 1.15 0.91 0.72 0.56 0.43 0.33 0.25 0.19 0.14 0.10 0.07 0.05 0.04 0.03 0.02 0.01 0.01 0.01 0.00 0.00 0.00 0.00 0.00 0.00 0.00 0.00 0.00 0.00 0.00 0.00 0.00 0.00 0.00 0.00 0.00 0.00 0.00 0.00 0.00 0.00 0.00 0.00 0.00 0.00 0.00 0.00 0.00 0.00 0.00 0.00 0.00 0.00 0.00 0.00 0.00 0.00 0.00 0.00 0.00 0.00 0.00 0.00 0.00 0.00 0.00 0.00 0.00 0.00 0.00 0.00 0.00 0.00 0.00 0.00 0.01 0.01 0.01 0.02 0.03 0.04 0.05 0.07 0.10 0.14 0.19 0.25 0.33 0.43 0.56 0.72 0.91 1.15 1.44 1.79 2.20 2.68 3.24 3.88 4.61 5.44 6.36 7.37 8.49 9.69 10.98 12.35 13.79 15.29 16.83 18.41 20.00 
20.00 18.41 16.83 15.29 13.79 12.35 10.98 9.69 8.49 7.37 6.36 5.44 4.61 3.88 3.24 2.68 2.20 1.79 1.44 1.15 0.91 0.72 0.56 0.43 0.33 0.25 0.19 0.14 0.10 0.07 0.05 0.04 0.03 0.02 0.01 0.01 0.01 0.00 0.00 0.00 0.00 0.00 0.00 0.00 0.00 0.00 0.00 0.00 0.00 0.00 0.00 0.00 0.00 0.00 0.00 0.00 0.00 0.00 0.00 0.00 0.00 0.00 0.00 0.00 0.00 0.00 0.00 0.00 0.00 0.00 0.00 0.00 0.00 0.00 0.00 0.00 0.00 0.00 0.00 0.00 0.00 0.00 0.00 0.00 0.00 0.00 0.00 0.00 0.00 0.00 0.00 0.00 0.00 0.01 0.01 0.01 0.02 0.03 0.04 0.05 0.07 0.10 0.14 0.19 0.25 0.33 0.43 0.56 0.72 0.91 1.15 1.44 1.79 2.20 2.68 3.24 3.88 4.61 5.44 6.36 7.37 8.49 9.69 10.98 12.35 13.79 15.29 16.83 18.41 20.00 
20.00 18.41 16.83 15.29 13.79 12.35 10.98 9.69 8.49 7.37 6.36 5.44 4.61 3.88 3.24 2.68 2.20 1.79 1.44 1.15 0.91 0.72 0.56 0.43 0.33 0.25 0.19 0.14 0.10 0.07 0.05 0.04 0.03 0.02 0.01 0.01 0.01 0.00 0.00 0.00 0.00 0.00 0.00 0.00 0.00 0.00 0.00 0.00 0.00 0.00 0.00 0.00 0.00 0.00 0.00 0.00 0.00 0.00 0.00 0.00 0.00 0.00 0.00 0.00 0.00 0.00 0.00 0.00 0.00 0.00 0.00 0.00 0.00 0.00 0.00 0.00 0.00 0.00 0.00 0.00 0.00 0.00 0.00 0.00 0.00 0.00 0.00 0.00 0.00 0.00 0.00 0.00 0.00 0.01 0.01 0.01 0.02 0.03 0.04 0.05 0.07 0.10 0.14 0.19 0.25 0.33 0.43 0.56 0.72 0.91 1.15 1.44 1.79 2.20 2.68 3.24 3.88 4.61 5.44 6.36 7.37 8.49 9.69 10.98 12.35 13.79 15.29 16.83 18.41 20.00 
20.00 18.41 16.83 15.29 13.79 12.35 10.98 9.69 8.49 7.37 6.36 5.44 4.61 3.88 3.24 2.68 2.20 1.79 1.44 1.15 0.91 0.72 0.56 0.43 0.33 0.25 0.19 0.14 0.10 0.07 0.05 0.04 0.03 0.02 0.01 0.01 0.01 0.00 0.00 0.00 0.00 0.00 0.00 0.00 0.00 0.00 0.00 0.00 0.00 0.00 0.00 0.00 0.00 0.00 0.00 0.00 0.00 0.00 0.00 0.00 0.00 0.00 0.00 0.00 0.00 0.00 0.00 0.00 0.00 0.00 0.00 0.00 0.00 0.00 0.00 0.00 0.00 0.00 0.00 0.00 0.00 0.00 0.00 0.00 0.00 0.00 0.00 0.00 0.00 0.00 0.00 0.00 0.00 0.01 0.01 0.01 0.02 0.03 0.04 0.05 0.07 0.10 0.14 0.19 0.25 0.33 0.43 0.56 0.72 0.91 1.15 1.44 1.79 2.20 2.68 3.24 3.88 4.61 5.44 6.36 7.37 8.49 9.69 10.98 12.35 13.79 15.29 16.83 18.41 20.00 
20.00 18.41 16.83 15.29 13.79 12.35 10.98 9.69 8.49 7.37 6.36 5.44 4.61 3.88 3.24 2.68 2.20 1.79 1.44 1.15 0.91 0.72 0.56 0.43 0.33 0.25 0.19 0.14 0.10 0.07 0.05 0.04 0.03 0.02 0.01 0.01 0.01 0.00 0.00 0.00 0.00 0.00 0.00 0.00 0.00 0.00 0.00 0.00 0.00 0.00 0.00 0.00 0.00 0.00 0.00 0.00 0.00 0.00 0.00 0.00 0.00 0.00 0.00 0.00 0.00 0.00 0.00 0.00 0.00 0.00 0.00 0.00 0.00 0.00 0.00 0.00 0.00 0.00 0.00 0.00 0.00 0.00 0.00 0.00 0.00 0.00 0.00 0.00 0.00 0.00 0.00 0.00 0.00 0.01 0.01 0.01 0.02 0.03 0.04 0.05 0.07 0.10 0.14 0.19 0.25 0.33 0.43 0.56 0.72 0.91 1.15 1.44 1.79 2.20 2.68 3.24 3.88 4.61 5.44 6.36 7.37 8.49 9.69 10.98 12.35 13.79 15.29 16.83 18.41 20.00 
20.00 18.41 16.83 15.29 13.79 12.35 10.98 9.69 8.49 7.37 6.36 5.44 4.61 3.88 3.24 2.68 2.20 1.79 1.44 1.15 0.91 0.72 0.56 0.43 0.33 0.25 0.19 0.14 0.10 0.07 0.05 0.04 0.03 0.02 0.01 0.01 0.01 0.00 0.00 0.00 0.00 0.00 0.00 0.00 0.00 0.00 0.00 0.00 0.00 0.00 0.00 0.00 0.00 0.00 0.00 0.00 0.00 0.00 0.00 0.00 0.00 0.00 0.00 0.00 0.00 0.00 0.00 0.00 0.00 0.00 0.00 0.00 0.00 0.00 0.00 0.00 0.00 0.00 0.00 0.00 0.00 0.00 0.00 0.00 0.00 0.00 0.00 0.00 0.00 0.00 0.00 0.00 0.00 0.01 0.01 0.01 0.02 0.03 0.04 0.05 0.07 0.10 0.14 0.19 0.25 0.33 0.43 0.56 0.72 0.91 1.15 1.44 1.79 2.20 2.68 3.24 3.88 4.61 5.44 6.36 7.37 8.49 9.69 10.98 12.35 13.79 15.29 16.83 18.41 20.00 
20.00 18.41 16.83 15.29 13.79 12.35 10.98 9.69 8.49 7.37 6.36 5.44 4.61 3.88 3.24 2.68 2.20 1.79 1.44 1.15 0.91 0.72 0.56 0.43 0.33 0.25 0.19 0.14 0.10 0.07 0.05 0.04 0.03 0.02 0.01 0.01 0.01 0.00 0.00 0.00 0.00 0.00 0.00 0.00 0.00 0.00 0.00 0.00 0.00 0.00 0.00 0.00 0.00 0.00 0.00 0.00 0.00 0.00 0.00 0.00 0.00 0.00 0.00 0.00 0.00 0.00 0.00 0.00 0.00 0.00 0.00 0.00 0.00 0.00 0.00 0.00 0.00 0.00 0.00 0.00 0.00 0.00 0.00 0.00 0.00 0.00 0.00 0.00 0.00 0.00 0.00 0.00 0.00 0.01 0.01 0.01 0.02 0.03 0.04 0.05 0.07 0.10 0.14 0.19 0.25 0.33 0.43 0.56 0.72 0.91 1.15 1.44 1.79 2.20 2.68 3.24 3.88 4.61 5.44 6.36 7.37 8.49 9.69 10.98 12.35 13.79 15.29 16.83 18.41 20.00 
20.00 18.41 16.83 15.29 13.79 12.35 10.98 9.69 8.49 7.37 6.36 5.44 4.61 3.88 3.24 2.68 2.20 1.79 1.44 1.15 0.91 0.72 0.56 0.43 0.33 0.25 0.19 0.14 0.10 0.07 0.05 0.04 0.03 0.02 0.01 0.01 0.01 0.00 0.00 0.00 0.00 0.00 0.00 0.00 0.00 0.00 0.00 0.00 0.00 0.00 0.00 0.00 0.00 0.00 0.00 0.00 0.00 0.00 0.00 0.00 0.00 0.00 0.00 0.00 0.00 0.00 0.00 0.00 0.00 0.00 0.00 0.00 0.00 0.00 0.00 0.00 0.00 0.00 0.00 0.00 0.00 0.00 0.00 0.00 0.00 0.00 0.00 0.00 0.00 0.00 0.00 0.00 0.00 0.01 0.01 0.01 0.02 0.03 0.04 0.05 0.07 0.10 0.14 0.19 0.25 0.33 0.43 0.56 0.72 0.91 1.15 1.44 1.79 2.20 2.68 3.24 3.88 4.61 5.44 6.36 7.37 8.49 9.69 10.98 12.35 13.79 15.29 16.83 18.41 20.00 
20.00 18.41 16.83 15.29 13.79 12.35 10.98 9.69 8.49 7.37 6.36 5.44 4.61 3.88 3.24 2.68 2.20 1.79 1.44 1.15 0.91 0.72 0.56 0.43 0.33 0.25 0.19 0.14 0.10 0.07 0.05 0.04 0.03 0.02 0.01 0.01 0.01 0.00 0.00 0.00 0.00 0.00 0.00 0.00 0.00 0.00 0.00 0.00 0.00 0.00 0.00 0.00 0.00 0.00 0.00 0.00 0.00 0.00 0.00 0.00 0.00 0.00 0.00 0.00 0.00 0.00 0.00 0.00 0.00 0.00 0.00 0.00 0.00 0.00 0.00 0.00 0.00 0.00 0.00 0.00 0.00 0.00 0.00 0.00 0.00 0.00 0.00 0.00 0.00 0.00 0.00 0.00 0.00 0.01 0.01 0.01 0.02 0.03 0.04 0.05 0.07 0.10 0.14 0.19 0.25 0.33 0.43 0.56 0.72 0.91 1.15 1.44 1.79 2.20 2.68 3.24 3.88 4.61 5.44 6.36 7.37 8.49 9.69 10.98 12.35 13.79 15.29 16.83 18.41 20.00 
20.00 18.41 16.83 15.29 13.79 12.35 10.98 9.69 8.49 7.37 6.36 5.44 4.61 3.88 3.24 2.68 2.20 1.79 1.44 1.15 0.91 0.72 0.56 0.43 0.33 0.25 0.19 0.14 0.10 0.07 0.05 0.04 0.03 0.02 0.01 0.01 0.01 0.00 0.00 0.00 0.00 0.00 0.00 0.00 0.00 0.00 0.00 0.00 0.00 0.00 0.00 0.00 0.00 0.00 0.00 0.00 0.00 0.00 0.00 0.00 0.00 0.00 0.00 0.00 0.00 0.00 0.00 0.00 0.00 0.00 0.00 0.00 0.00 0.00 0.00 0.00 0.00 0.00 0.00 0.00 0.00 0.00 0.00 0.00 0.00 0.00 0.00 0.00 0.00 0.00 0.00 0.00 0.00 0.01 0.01 0.01 0.02 0.03 0.04 0.05 0.07 0.10 0.14 0.19 0.25 0.33 0.43 0.56 0.72 0.91 1.15 1.44 1.79 2.20 2.68 3.24 3.88 4.61 5.44 6.36 7.37 8.49 9.69 10.98 12.35 13.79 15.29 16.83 18.41 20.00 
20.00 18.41 16.83 15.29 13.79 12.35 10.98 9.69 8.49 7.37 6.36 5.44 4.61 3.88 3.24 2.68 2.20 1.79 1.44 1.15 0.91 0.72 0.56 0.43 0.33 0.25 0.19 0.14 0.10 0.07 0.05 0.04 0.03 0.02 0.01 0.01 0.01 0.00 0.00 0.00 0.00 0.00 0.00 0.00 0.00 0.00 0.00 0.00 0.00 0.00 0.00 0.00 0.00 0.00 0.00 0.00 0.00 0.00 0.00 0.00 0.00 0.00 0.00 0.00 0.00 0.00 0.00 0.00 0.00 0.00 0.00 0.00 0.00 0.00 0.00 0.00 0.00 0.00 0.00 0.00 0.00 0.00 0.00 0.00 0.00 0.00 0.00 0.00 0.00 0.00 0.00 0.00 0.00 0.01 0.01 0.01 0.02 0.03 0.04 0.05 0.07 0.10 0.14 0.19 0.25 0.33 0.43 0.56 0.72 0.91 1.15 1.44 1.79 2.20 2.68 3.24 3.88 4.61 5.44 6.36 7.37 8.49 9.69 10.98 12.35 13.79 15.29 16.83 18.41 20.00 
20.00 18.41 16.83 15.29 13.79 12.35 10.98 9.69 8.49 7.37 6.36 5.44 4.61 3.88 3.24 2.68 2.20 1.79 1.44 1.15 0.91 0.72 0.56 0.43 0.33 0.25 0.19 0.14 0.10 0.07 0.05 0.04 0.03 0.02 0.01 0.01 0.01 0.00 0.00 0.00 0.00 0.00 0.00 0.00 0.00 0.00 0.00 0.00 0.00 0.00 0.00 0.00 0.00 0.00 0.00 0.00 0.00 0.00 0.00 0.00 0.00 0.00 0.00 0.00 0.00 0.00 0.00 0.00 0.00 0.00 0.00 0.00 0.00 0.00 0.00 0.00 0.00 0.00 0.00 0.00 0.00 0.00 0.00 0.00 0.00 0.00 0.00 0.00 0.00 0.00 0.00 0.00 0.00 0.01 0.01 0.01 0.02 0.03 0.04 0.05 0.07 0.10 0.14 0.19 0.25 0.33 0.43 0.56 0.72 0.91 1.15 1.44 1.79 2.20 2.68 3.24 3.88 4.61 5.44 6.36 7.37 8.49 9.69 10.98 12.35 13.79 15.29 16.83 18.41 20.00 
20.00 18.41 16.83 15.29 13.79 12.35 10.98 9.69 8.49 7.37 6.36 5.44 4.61 3.88 3.24 2.68 2.20 1.79 1.44 1.15 0.91 0.72 0.56 0.43 0.33 0.25 0.19 0.14 0.10 0.07 0.05 0.04 0.03 0.02 0.01 0.01 0.01 0.00 0.00 0.00 0.00 0.00 0.00 0.00 0.00 0.00 0.00 0.00 0.00 0.00 0.00 0.00 0.00 0.00 0.00 0.00 0.00 0.00 0.00 0.00 0.00 0.00 0.00 0.00 0.00 0.00 0.00 0.00 0.00 0.00 0.00 0.00 0.00 0.00 0.00 0.00 0.00 0.00 0.00 0.00 0.00 0.00 0.00 0.00 0.00 0.00 0.00 0.00 0.00 0.00 0.00 0.00 0.00 0.01 0.01 0.01 0.02 0.03 0.04 0.05 0.07 0.10 0.14 0.19 0.25 0.33 0.43 0.56 0.72 0.91 1.15 1.44 1.79 2.20 2.68 3.24 3.88 4.61 5.44 6.36 7.37 8.49 9.69 10.98 12.35 13.79 15.29 16.83 18.41 20.00 
20.00 18.41 16.83 15.29 13.79 12.35 10.98 9.69 8.49 7.37 6.36 5.44 4.61 3.88 3.24 2.68 2.20 1.79 1.44 1.15 0.91 0.72 0.56 0.43 0.33 0.25 0.19 0.14 0.10 0.07 0.05 0.04 0.03 0.02 0.01 0.01 0.01 0.00 0.00 0.00 0.00 0.00 0.00 0.00 0.00 0.00 0.00 0.00 0.00 0.00 0.00 0.00 0.00 0.00 0.00 0.00 0.00 0.00 0.00 0.00 0.00 0.00 0.00 0.00 0.00 0.00 0.00 0.00 0.00 0.00 0.00 0.00 0.00 0.00 0.00 0.00 0.00 0.00 0.00 0.00 0.00 0.00 0.00 0.00 0.00 0.00 0.00 0.00 0.00 0.00 0.00 0.00 0.00 0.01 0.01 0.01 0.02 0.03 0.04 0.05 0.07 0.10 0.14 0.19 0.25 0.33 0.43 0.56 0.72 0.91 1.15 1.44 1.79 2.20 2.68 3.24 3.88 4.61 5.44 6.36 7.37 8.49 9.69 10.98 12.35 13.79 15.29 16.83 18.41 20.00 
20.00 18.41 16.83 15.29 13.79 12.35 10.98 9.69 8.49 7.37 6.36 5.44 4.61 3.88 3.24 2.68 2.20 1.79 1.44 1.15 0.91 0.72 0.56 0.43 0.33 0.25 0.19 0.14 0.10 0.07 0.05 0.04 0.03 0.02 0.01 0.01 0.01 0.00 0.00 0.00 0.00 0.00 0.00 0.00 0.00 0.00 0.00 0.00 0.00 0.00 0.00 0.00 0.00 0.00 0.00 0.00 0.00 0.00 0.00 0.00 0.00 0.00 0.00 0.00 0.00 0.00 0.00 0.00 0.00 0.00 0.00 0.00 0.00 0.00 0.00 0.00 0.00 0.00 0.00 0.00 0.00 0.00 0.00 0.00 0.00 0.00 0.00 0.00 0.00 0.00 0.00 0.00 0.00 0.01 0.01 0.01 0.02 0.03 0.04 0.05 0.07 0.10 0.14 0.19 0.25 0.33 0.43 0.56 0.72 0.91 1.15 1.44 1.79 2.20 2.68 3.24 3.88 4.61 5.44 6.36 7.37 8.49 9.69 10.98 12.35 13.79 15.29 16.83 18.41 20.00 
